<?xml version="1.0" encoding="UTF-8" standalone="no"?>
<!-- Created with Inkscape (http://www.inkscape.org/) -->

<svg
   width="210mm"
   height="297mm"
   viewBox="0 0 210 297"
   version="1.1"
   id="svg5"
   inkscape:version="1.1.1 (c3084ef, 2021-09-22)"
   sodipodi:docname=".svg"
   xmlns:inkscape="http://www.inkscape.org/namespaces/inkscape"
   xmlns:sodipodi="http://sodipodi.sourceforge.net/DTD/sodipodi-0.dtd"
   xmlns="http://www.w3.org/2000/svg"
   xmlns:svg="http://www.w3.org/2000/svg">
  <sodipodi:namedview
     id="namedview7"
     pagecolor="#ffffff"
     bordercolor="#666666"
     borderopacity="1.0"
     inkscape:pageshadow="2"
     inkscape:pageopacity="0.0"
     inkscape:pagecheckerboard="0"
     inkscape:document-units="mm"
     showgrid="false"
     inkscape:zoom="1.005056"
     inkscape:cx="465.14821"
     inkscape:cy="523.85141"
     inkscape:window-width="1312"
     inkscape:window-height="911"
     inkscape:window-x="0"
     inkscape:window-y="25"
     inkscape:window-maximized="0"
     inkscape:current-layer="layer1" />
  <defs
     id="defs2">
    <inkscape:path-effect
       effect="skeletal"
       id="path-effect3419"
       is_visible="true"
       lpeversion="1"
       pattern="#rect3030"
       copytype="repeated_stretched"
       prop_scale="0.97"
       scale_y_rel="false"
       spacing="0"
       normal_offset="0"
       tang_offset="0"
       prop_units="false"
       vertical_pattern="false"
       hide_knot="false"
       fuse_tolerance="0" />
  </defs>
  <g
     inkscape:label="Layer 1"
     inkscape:groupmode="layer"
     id="layer1">
    <path
       id="path1970"
       style="opacity:0.553086;fill:#4d4d4d;fill-opacity:0.901961;stroke-width:2.11667"
       d="m 174.97403,124.39546 c -1.50672,1.07109 -3.04031,2.02278 -4.59228,2.86032 -3.40917,-1.62562 -6.91027,-2.98778 -10.48711,-4.06709 3.67757,-0.49876 7.36179,-1.28336 11.03328,-2.36997 1.40386,1.08661 2.75431,2.28168 4.04611,3.57674 z m -1.14499,6.96903 c -1.63037,0.81557 -3.27522,1.51766 -4.92609,2.11153 -3.13032,-2.10428 -6.37307,-3.97206 -9.71206,-5.58393 3.70314,0.0586 7.43989,-0.14808 11.19086,-0.63631 1.21018,1.27631 2.36102,2.64871 3.44729,4.10871 z m -2.09382,6.6586 c -1.72281,0.56545 -3.44773,1.02336 -5.1663,1.37897 -2.81693,-2.52262 -5.76679,-4.83567 -8.83339,-6.91976 3.66839,0.58148 7.39733,0.91812 11.16742,0.99372 1.0111,1.43481 1.95694,2.95332 2.83227,4.54707 z m -2.96526,6.2708 c -1.78406,0.32074 -3.55786,0.53986 -5.31291,0.66261 -2.46901,-2.8806 -5.09143,-5.57859 -7.85109,-8.07456 3.57329,1.06978 7.23408,1.91521 10.96296,2.52012 0.80662,1.5621 1.54204,3.19554 2.20104,4.89183 z m -3.75933,5.80561 c -1.81411,0.0814 -3.60558,0.0672 -5.36593,-0.0375 -2.08653,-3.17826 -4.34697,-6.20083 -6.76515,-9.04834 3.41785,1.52353 6.95015,2.84322 10.5775,3.94287 0.59672,1.6582 1.11633,3.37536 1.55358,5.143 z m -4.47601,5.26305 c -1.81296,-0.15247 -3.5909,-0.39471 -5.32535,-0.72147 -1.66951,-3.41556 -3.53343,-6.7024 -5.57557,-9.8411 3.20207,1.94274 6.54554,3.70213 10.011,5.26199 0.38142,1.7231 0.67981,3.49278 0.88992,5.30058 z m -5.11532,4.64309 c -1.7806,-0.38097 -3.51382,-0.84579 -5.19117,-1.38919 -1.21794,-3.59253 -2.65078,-7.08328 -4.28236,-10.45285 2.92596,2.32741 6.02026,4.49196 9.2635,6.47748 0.16072,1.7568 0.23249,3.54781 0.21003,5.36456 z m -5.67722,3.94575 c -1.71706,-0.60407 -3.37435,-1.28605 -4.9634,-2.04069 -0.73183,-3.70916 -1.69906,-7.34349 -2.88551,-10.88358 2.5895,2.67753 5.37429,5.2127 8.33496,7.58933 -0.0654,1.7593 -0.22564,3.54044 -0.48605,5.33494 z m -6.16176,3.17103 c -1.62231,-0.82175 -3.17248,-1.7155 -4.64203,-2.67598 -0.21117,-3.76545 -0.67824,-7.48301 -1.38503,-11.13328 2.19271,2.9931 4.60765,5.86434 7.22542,8.59754 -0.29689,1.73061 -0.69459,3.47067 -1.19836,5.21172 z m -6.56891,2.31893 c -1.49636,-1.03404 -2.90821,-2.13414 -4.22707,-3.29506 0.34404,-3.7614 0.41167,-7.50186 0.21909,-11.20197 1.73558,3.27413 3.72033,6.4469 5.93486,9.50212 -0.5338,1.67071 -1.17435,3.33851 -1.92688,4.99491 z m -6.89868,1.38945 c -1.33921,-1.24092 -2.58154,-2.54198 -3.7185,-3.89792 0.93378,-3.69702 1.57067,-7.40004 1.92684,-11.08965 1.21811,3.52062 2.71233,6.96037 4.46327,10.30306 -0.77611,1.57962 -1.6649,3.14395 -2.67161,4.68451 z m -7.13891,0.32198 c -1.13582,-1.47094 -2.15075,-2.97183 -3.05006,-4.49421 1.49653,-3.47348 2.72287,-7.03376 3.65962,-10.66466 0.32175,1.8309 0.71625,3.66179 1.18552,5.49024 0.46925,1.83403 1.01183,3.65095 1.62533,5.44873 -0.51191,0.72864 -1.05347,1.45038 -1.62533,2.16413 -0.57188,0.69911 -1.1706,1.38459 -1.79508,2.05577 z m -7.03454,-0.89569 c -0.87895,-1.60239 -1.64293,-3.22235 -2.29722,-4.85142 1.99028,-3.20327 3.73732,-6.51384 5.22171,-9.91553 0.0775,3.7024 0.42541,7.43168 1.05999,11.16843 -1.23181,1.25911 -2.56279,2.46036 -3.98448,3.59852 z m -6.74347,-1.86387 c -0.62747,-1.70263 -1.14592,-3.41046 -1.56058,-5.11503 2.42369,-2.89852 4.63108,-5.92484 6.60277,-9.06277 -0.454,3.68273 -0.65804,7.41928 -0.59594,11.19025 -1.3981,1.06138 -2.88301,2.05897 -4.44625,2.98755 z m -6.375,-2.75467 c -0.38141,-1.77167 -0.65972,-3.53617 -0.84017,-5.28503 2.79676,-2.55923 5.40417,-5.26675 7.80283,-8.10638 -0.95095,3.60272 -1.67242,7.28621 -2.14824,11.03105 -1.53321,0.85824 -3.14084,1.64678 -4.81442,2.36036 z m -5.929163,-3.56807 c -0.140752,-1.80952 -0.184326,-3.59949 -0.135974,-5.36145 3.109497,-2.18538 6.056587,-4.53956 8.821867,-7.04634 -1.41334,3.46237 -2.6177,7.03244 -3.5969,10.69083 -1.63711,0.6497 -3.336262,1.22377 -5.088993,1.71696 z m -5.405937,-4.3041 c 0.0945,-1.81617 0.280258,-3.60042 0.552012,-5.34427 3.36189,-1.777 6.588319,-3.74328 9.659878,-5.88267 -1.841178,3.26167 -3.493881,6.65801 -4.941927,10.16959 -1.709803,0.43576 -3.469283,0.78996 -5.269963,1.05735 z m -4.805328,-4.96274 c 0.324353,-1.79162 0.734031,-3.53894 1.223783,-5.2335 3.553944,-1.33406 6.999373,-2.87791 10.316882,-4.61536 -2.234484,3.00064 -4.300985,6.16289 -6.183325,9.46733 -1.751305,0.21641 -3.53991,0.34533 -5.35734,0.38153 z m -4.127338,-5.54401 c 0.548799,-1.73587 1.176997,-3.41506 1.879341,-5.02912 3.685659,-0.85659 7.289748,-1.94346 10.792863,-3.24443 -2.59324,2.67928 -5.038994,5.5471 -7.321083,8.58406 -1.761607,-0.008 -3.548139,-0.1101 -5.351121,-0.31051 z m -3.371964,-6.04788 c 0.767841,-1.64892 1.609153,-3.2288 2.518685,-4.73115 3.757035,-0.34457 7.459445,-0.93991 11.087826,-1.76986 -2.917451,2.29757 -5.707912,4.81063 -8.355206,7.51977 -1.74071,-0.2385 -3.49397,-0.57634 -5.251305,-1.01876 z m -2.539207,-6.47438 c 0.981478,-1.53077 2.0305,-2.98013 3.141816,-4.33958 3.768071,0.202 7.508462,0.13272 11.20177,-0.19165 -3.207116,1.85552 -6.307741,3.95347 -9.285694,6.27446 -1.688614,-0.47407 -3.377403,-1.05339 -5.057892,-1.74323 z m -1.629067,-6.82349 c 1.18971,-1.38143 2.441038,-2.66906 3.748732,-3.85442 3.718768,0.78311 7.436801,1.27445 11.134697,1.4902 -3.462237,1.35313 -6.838479,2.97564 -10.112546,4.84813 -1.60532,-0.71503 -3.198439,-1.54125 -4.770883,-2.48391 z m -0.641542,-7.09523 c 1.433203,-1.20087 2.899457,-2.27939 4.390285,-3.24079 3.535632,1.36367 7.152942,2.45041 10.835751,3.24082 -4.4e-5,2e-5 -1.17e-4,3e-5 -1.89e-4,4e-5 -3.682746,0.7904 -7.299997,1.87711 -10.835573,3.24074 -1.490799,-0.96139 -2.957023,-2.03988 -4.390199,-3.24074 -1.2e-5,-1e-5 -2.4e-5,-2e-5 -3.6e-5,-3e-5 m 0.641525,-7.09525 c 1.572447,-0.94266 3.165568,-1.76887 4.770889,-2.4839 3.274062,1.8725 6.650299,3.49502 10.112531,4.84816 -3.697896,0.21574 -7.41593,0.70707 -11.134699,1.49016 -1.307691,-1.18536 -2.559015,-2.47299 -3.748721,-3.85442 z m 1.629086,-6.82349 c 1.68049,-0.68983 3.369281,-1.26915 5.057896,-1.74322 2.977947,2.321 6.078565,4.41896 9.285676,6.27449 -3.693307,-0.32438 -7.433698,-0.39367 -11.201769,-0.19168 -1.111312,-1.35946 -2.16033,-2.80881 -3.141803,-4.33959 z m 2.539224,-6.47437 c 1.757336,-0.442419 3.510597,-0.780252 5.251307,-1.018751 2.647287,2.709151 5.437741,5.222221 8.355186,7.519791 -3.628379,-0.82995 -7.330787,-1.42531 -11.087821,-1.76989 -0.909528,-1.50235 -1.750836,-3.08223 -2.518672,-4.73115 z m 3.371979,-6.047874 c 1.802983,-0.200409 3.589515,-0.302158 5.351121,-0.3105 2.282082,3.036972 4.727828,5.904801 7.321061,8.584084 -3.503111,-1.30098 -7.107197,-2.38786 -10.792854,-3.244461 -0.70234,-1.614055 -1.330533,-3.293254 -1.879328,-5.029123 z m 4.127352,-5.543995 c 1.81743,0.0362 3.606035,0.165127 5.357339,0.381539 1.882331,3.30445 3.948824,6.466702 6.1833,9.467353 -3.317505,-1.737462 -6.762929,-3.28132 -10.31687,-4.615397 -0.489747,-1.694554 -0.89942,-3.441877 -1.223769,-5.233495 z m 4.805342,-4.962732 c 1.800678,0.267399 3.560157,0.621604 5.269959,1.057363 1.448036,3.511589 3.10073,6.907926 4.9419,10.169606 -3.071554,-2.139399 -6.297977,-4.105691 -9.659862,-5.882698 -0.27175,-1.743855 -0.457499,-3.528103 -0.551997,-5.344271 z m 5.405948,-4.304087 c 1.752728,0.493196 3.451881,1.067271 5.088981,1.716975 0.9792,3.658388 2.18355,7.22847 3.59688,10.690841 -2.76528,-2.506792 -5.712359,-4.860973 -8.82185,-7.046366 -0.04835,-1.761956 -0.0048,-3.551931 0.135989,-5.36145 z m 5.929171,-3.568058 c 1.67358,0.713589 3.28121,1.50213 4.81441,2.360373 0.47581,3.744848 1.19727,7.428335 2.14821,11.031056 -2.39865,-2.839638 -5.00605,-5.547163 -7.80281,-8.106396 0.18046,-1.748859 0.45877,-3.513361 0.84019,-5.285033 z m 6.37501,-2.754646 c 1.56323,0.928576 3.04814,1.926178 4.44624,2.987556 -0.0621,3.770969 0.14191,7.507522 0.59591,11.190255 -1.97168,-3.13794 -4.17907,-6.164264 -6.60275,-9.062792 0.41467,-1.704563 0.93312,-3.412394 1.5606,-5.115019 z m 6.74347,-1.863852 c 1.42169,1.13816 2.75267,2.339419 3.98448,3.598526 -0.6346,3.736751 -0.98255,7.46603 -1.06003,11.168435 -1.48438,-3.401696 -3.23141,-6.712274 -5.22168,-9.915553 0.65429,-1.629067 1.41828,-3.249028 2.29723,-4.851408 z m 7.03455,-0.895674 c 0.62443,0.67113 1.2231,1.356552 1.79494,2.05561 0.57191,0.713812 1.11351,1.435601 1.62545,2.164309 -0.61355,1.797915 -1.15617,3.61497 -1.62545,5.449144 -0.46922,1.828304 -0.86369,3.659051 -1.18543,5.489816 -0.93674,-3.630908 -2.16306,-7.191194 -3.65958,-10.664679 0.8993,-1.522373 1.91424,-3.023265 3.05007,-4.4942 z m 7.13891,0.322005 c 1.0067,1.540561 1.89548,3.104891 2.6716,4.684515 -1.75096,3.342691 -3.24519,6.782434 -4.46331,10.303047 -0.35616,-3.689615 -0.99304,-7.392632 -1.92681,-11.089648 1.13697,-1.355941 2.3793,-2.656996 3.71852,-3.897914 z m 6.89867,1.389465 c 0.75253,1.656405 1.39307,3.324204 1.92686,4.994921 -2.21453,3.055212 -4.19929,6.227972 -5.93488,9.502101 0.19259,-3.700111 0.12497,-7.440569 -0.21905,-11.201972 1.31886,-1.160913 2.73071,-2.261013 4.22707,-3.29505 z m 6.5689,2.318949 c 0.50377,1.74105 0.90147,3.481118 1.19835,5.21173 -2.61778,2.733189 -5.03273,5.604421 -7.22545,8.597519 0.7068,-3.650267 1.17388,-7.367827 1.38506,-11.133277 1.46956,-0.96048 3.01973,-1.854221 4.64204,-2.675972 z m 6.16175,3.17105 c 0.26041,1.794496 0.42067,3.575635 0.48604,5.334942 -2.96067,2.37662 -5.74547,4.91178 -8.33498,7.589302 1.18646,-3.540084 2.1537,-7.174406 2.88554,-10.883564 1.58905,-0.754642 3.24635,-1.43662 4.9634,-2.04068 z m 5.67722,3.945767 c 0.0224,1.816743 -0.0493,3.607755 -0.21005,5.364559 -3.24324,1.985505 -6.33755,4.150048 -9.26351,6.47745 1.63158,-3.369562 3.06443,-6.860308 4.28238,-10.452834 1.67736,-0.5434 3.41057,-1.008209 5.19118,-1.389175 z m 5.1153,4.643102 c -0.21011,1.807792 -0.5085,3.577476 -0.88993,5.300579 -3.46546,1.559845 -6.80894,3.319226 -10.01102,5.261962 2.04216,-3.1387 3.90608,-6.425529 5.5756,-9.841084 1.73445,-0.326754 3.51239,-0.56899 5.32535,-0.721457 z m 4.476,5.263054 c -0.43726,1.767641 -0.95687,3.4848 -1.5536,5.143002 -3.62734,1.099641 -7.15965,2.419314 -10.5775,3.942844 2.41818,-2.847504 4.67863,-5.870077 6.76517,-9.048321 1.76035,-0.104704 3.55182,-0.118962 5.36593,-0.03753 z m 3.75931,5.805623 c -0.65899,1.696292 -1.39443,3.329723 -2.20104,4.891833 -3.72889,0.60489 -7.38969,1.45031 -10.96298,2.52008 2.75967,-2.49596 5.3821,-5.193939 7.85111,-8.074534 1.75506,0.122752 3.52886,0.341875 5.31291,0.662621 z m 2.96525,6.270813 c -0.87533,1.59374 -1.82118,3.11225 -2.83228,4.54705 -3.7701,0.0756 -7.49904,0.41222 -11.16743,0.99369 3.06661,-2.08408 6.01647,-4.39712 8.83342,-6.91972 1.71856,0.35561 3.44348,0.81352 5.16629,1.37898 z m 2.0938,6.65861 c -1.08627,1.45999 -2.23712,2.83238 -3.4473,4.10869 -3.75096,-0.48824 -7.48772,-0.69496 -11.19086,-0.63634 3.33899,-1.61186 6.58175,-3.47963 9.71208,-5.58391 1.65087,0.59388 3.29572,1.29598 4.92608,2.11156 z m 1.14497,6.96903 c -1.2918,1.29505 -2.64226,2.49012 -4.04612,3.57673 -3.67148,-1.08663 -7.35571,-1.87124 -11.03327,-2.37001 3.57684,-1.0793 7.07794,-2.44145 10.48712,-4.06706 1.55197,0.83754 3.08555,1.78924 4.59227,2.86034 z"
       inkscape:path-effect="#path-effect3419"
       inkscape:original-d="M 167.55351,120.81872 A 42.784615,42.784615 0 0 1 124.7689,163.60334 42.784615,42.784615 0 0 1 81.984282,120.81872 42.784615,42.784615 0 0 1 124.7689,78.03411 a 42.784615,42.784615 0 0 1 42.78461,42.78461 z" />
    <path
       id="rect3030"
       style="opacity:0.553086;fill:#4d4d4d;fill-opacity:0.901961;stroke-width:2.11667"
       d="m 37.064341,98.585914 2.958722,4.369696 -2.958724,11.32725 -2.958721,-11.32725 z"
       sodipodi:nodetypes="ccccc" />
    <text
       xml:space="preserve"
       style="font-style:normal;font-variant:normal;font-weight:normal;font-stretch:normal;font-size:30.217px;line-height:1.25;font-family:sans-serif;-inkscape-font-specification:sans-serif;fill:#d40000;stroke:#2b0000;stroke-width:0.264583"
       x="64.529022"
       y="116.7973"
       id="text4388"
       transform="scale(0.99899929,1.0010017)"><tspan
         sodipodi:role="line"
         id="tspan4386"
         style="font-style:normal;font-variant:normal;font-weight:normal;font-stretch:normal;font-size:30.217px;font-family:Cochin;-inkscape-font-specification:Cochin;fill:#d40000;stroke:#2b0000;stroke-width:0.264583"
         x="64.529022"
         y="116.7973">CoVIZ22</tspan></text>
  </g>
</svg>
